-75	-75	[0, 100]
-75	-65	[0, 100]
-75	-55	[0, 100]
-75	-45	[0, 100]
-75	-35	[0, 100]
-75	-25	[0, 100]
-75	-15	[0, 100]
-75	-5	[0, 100]
-75	5	[0, 100]
-75	15	[0, 100]
-75	25	[0, 100]
-75	35	[0, 100]
-75	45	[0, 100]
-75	55	[0, 100]
-75	65	[0, 100]
-75	75	[0, 100]
-65	-75	[0, 100]
-65	-65	[0, 100]
-65	-55	[0, 100]
-65	-45	[0, 100]
-65	-35	[0, 100]
-65	-25	[0, 100]
-65	-15	[0, 100]
-65	-5	[0, 88]
-65	5	[0, 98]
-65	15	[0, 100]
-65	25	[0, 100]
-65	35	[0, 100]
-65	45	[0, 100]
-65	55	[0, 100]
-65	65	[0, 100]
-65	75	[0, 100]
-55	-75	[0, 100]
-55	-65	[0, 100]
-55	-55	[0, 100]
-55	-45	[0, 100]
-55	-35	[0, 100]
-55	-25	[0, 100]
-55	-15	[0, 94]
-55	-5	[0, 19]
-55	5	[0, 46]
-55	15	[0, 100]
-55	25	[0, 100]
-55	35	[0, 100]
-55	45	[0, 100]
-55	55	[0, 100]
-55	65	[0, 100]
-55	75	[0, 100]
-45	-75	[0, 100]
-45	-65	[0, 100]
-45	-55	[0, 100]
-45	-45	[0, 100]
-45	-35	[0, 100]
-45	-25	[0, 100]
-45	-15	[0, 90]
-45	-5	[0, 22]
-45	5	[0, 45]
-45	15	[0, 70]
-45	25	[0, 94]
-45	35	[0, 100]
-45	45	[0, 100]
-45	55	[0, 100]
-45	65	[0, 100]
-45	75	[0, 100]
-35	-75	[0, 100]
-35	-65	[0, 100]
-35	-55	[0, 100]
-35	-45	[0, 100]
-35	-35	[0, 100]
-35	-25	[0, 84]
-35	-15	[0, 44]
-35	-5	[0, 27]
-35	5	[0, 30]
-35	15	[0, 61]
-35	25	[0, 68]
-35	35	[0, 100]
-35	45	[0, 100]
-35	55	[0, 100]
-35	65	[0, 100]
-35	75	[0, 100]
-25	-75	[0, 100]
-25	-65	[0, 100]
-25	-55	[0, 100]
-25	-45	[0, 100]
-25	-35	[0, 100]
-25	-25	[0, 100]
-25	-15	[0, 63]
-25	-5	[0, 10]
-25	5	[0, 48]
-25	15	[0, 52]
-25	25	[0, 100]
-25	35	[0, 100]
-25	45	[0, 96]
-25	55	[0, 100]
-25	65	[0, 100]
-25	75	[0, 100]
-15	-75	[0, 100]
-15	-65	[0, 100]
-15	-55	[0, 93]
-15	-45	[0, 76]
-15	-35	[0, 49]
-15	-25	[0, 98]
-15	-15	[0, 65]
-15	-5	[0, 30]
-15	5	[0, 27]
-15	15	[0, 67]
-15	25	[0, 100]
-15	35	[0, 54]
-15	45	[0, 83]
-15	55	[0, 100]
-15	65	[0, 100]
-15	75	[0, 100]
-5	-75	[0, 98]
-5	-65	[0, 78]
-5	-55	[0, 75]
-5	-45	[0, 54]
-5	-35	[0, 61]
-5	-25	[0, 20]
-5	-15	[0, 31]
-5	-5	[0, 19]
-5	5	[0, 21]
-5	15	[0, 35]
-5	25	[0, 49]
-5	35	[0, 8]
-5	45	[0, 76]
-5	55	[0, 52]
-5	65	[0, 67]
-5	75	[0, 100]
5	-75	[0, 99]
5	-65	[0, 61]
5	-55	[0, 11]
5	-45	[0, 4]
5	-35	[0, 25]
5	-25	[0, 21]
5	-15	[0, 30]
5	-5	[0, 43]
5	5	[0, 44]
5	15	[0, 27]
5	25	[0, 15]
5	35	[0, 23]
5	45	[0, 5]
5	55	[0, 6]
5	65	[0, 35]
5	75	[0, 100]
15	-75	[0, 100]
15	-65	[0, 86]
15	-55	[0, 63]
15	-45	[0, 51]
15	-35	[0, 11]
15	-25	[0, 65]
15	-15	[0, 33]
15	-5	[0, 20]
15	5	[0, 24]
15	15	[0, 28]
15	25	[0, 17]
15	35	[0, 63]
15	45	[0, 45]
15	55	[0, 91]
15	65	[0, 81]
15	75	[0, 100]
25	-75	[0, 100]
25	-65	[0, 100]
25	-55	[0, 100]
25	-45	[0, 94]
25	-35	[0, 59]
25	-25	[0, 100]
25	-15	[0, 64]
25	-5	[0, 16]
25	5	[0, 36]
25	15	[0, 83]
25	25	[0, 91]
25	35	[0, 41]
25	45	[0, 72]
25	55	[0, 100]
25	65	[0, 100]
25	75	[0, 100]
35	-75	[0, 100]
35	-65	[0, 100]
35	-55	[0, 100]
35	-45	[0, 91]
35	-35	[0, 100]
35	-25	[0, 98]
35	-15	[0, 54]
35	-5	[0, 41]
35	5	[0, 10]
35	15	[0, 59]
35	25	[0, 100]
35	35	[0, 100]
35	45	[0, 100]
35	55	[0, 100]
35	65	[0, 100]
35	75	[0, 100]
45	-75	[0, 100]
45	-65	[0, 100]
45	-55	[0, 100]
45	-45	[0, 100]
45	-35	[0, 100]
45	-25	[0, 68]
45	-15	[0, 69]
45	-5	[0, 25]
45	5	[0, 13]
45	15	[0, 54]
45	25	[0, 70]
45	35	[0, 100]
45	45	[0, 100]
45	55	[0, 100]
45	65	[0, 100]
45	75	[0, 100]
55	-75	[0, 100]
55	-65	[0, 100]
55	-55	[0, 100]
55	-45	[0, 100]
55	-35	[0, 100]
55	-25	[0, 96]
55	-15	[0, 69]
55	-5	[0, 45]
55	5	[0, 21]
55	15	[0, 95]
55	25	[0, 100]
55	35	[0, 100]
55	45	[0, 100]
55	55	[0, 100]
55	65	[0, 100]
55	75	[0, 100]
65	-75	[0, 100]
65	-65	[0, 100]
65	-55	[0, 100]
65	-45	[0, 100]
65	-35	[0, 100]
65	-25	[0, 100]
65	-15	[0, 100]
65	-5	[0, 36]
65	5	[0, 28]
65	15	[0, 95]
65	25	[0, 100]
65	35	[0, 100]
65	45	[0, 100]
65	55	[0, 100]
65	65	[0, 100]
65	75	[0, 100]
75	-75	[0, 100]
75	-65	[0, 100]
75	-55	[0, 100]
75	-45	[0, 100]
75	-35	[0, 100]
75	-25	[0, 100]
75	-15	[0, 100]
75	-5	[0, 75]
75	5	[0, 87]
75	15	[0, 100]
75	25	[0, 100]
75	35	[0, 100]
75	45	[0, 100]
75	55	[0, 100]
75	65	[0, 100]
75	75	[0, 100]
